0 13 1 3
1 27 2 4
2 8 2 5
3 2 4 5
4 17 2 2
5 1 2 2
6 26 4 1
7 22 4 5
8 7 8 5
9 28 10 4
10 16 3 1
11 1 3 2
12 23 4 5
13 8 1 3
14 30 6 2
15 25 9 3
16 20 14 3
17 5 2 3
18 17 9 5
19 20 16 3
20 2 21 3
21 18 10 2
22 16 3 5
23 26 10 4
24 24 1 3
25 13 8 3
26 28 10 4
27 3 11 4
28 9 5 3
29 22 9 3
30 4 21 3
31 20 24 4
32 20 23 3
33 16 12 4
34 30 20 5
35 3 24 5
36 26 2 5
37 14 22 5
38 12 34 3
39 18 25 2
40 22 12 5
41 8 20 1
42 9 19 2
43 16 15 2
44 16 31 2
45 4 6 1
46 4 41 2
47 19 30 1
48 4 26 3
49 28 2 2
50 20 13 5
51 20 23 5
52 13 30 4
53 24 13 4
54 13 36 2
55 2 32 3
56 12 35 1
57 7 27 5
58 17 39 3
59 13 49 1
60 6 9 4
61 8 45 2
62 30 5 1
63 29 13 3
64 22 17 1
65 28 34 3
66 19 17 4
67 1 55 2
68 16 1 5
69 14 59 1
70 26 15 3
71 11 30 2
72 13 41 3
73 9 1 3
74 29 61 2
75 8 50 3
76 8 73 1
77 9 31 5
78 10 15 4
79 22 5 4
80 21 80 1
81 29 4 5
82 25 36 4
83 30 69 1
84 23 59 4
85 23 22 1
86 1 63 4
87 27 31 4
88 25 55 5
89 21 72 2
90 19 76 1
91 25 63 3
92 13 75 2
93 7 15 2
94 26 46 5
95 1 6 5
96 20 9 4
97 20 58 2
98 10 45 4
99 20 29 1
100 1 97 3
101 21 59 5
102 6 83 2
103 11 7 3
104 7 36 4
105 9 8 4
106 13 49 4
107 14 82 2
108 24 43 4
109 27 53 5
110 2 66 3
111 28 13 1
112 26 106 1
113 3 111 5
114 4 68 3
115 1 65 1
116 8 40 5
117 21 65 2
118 4 37 1
119 18 105 1
120 13 69 4
121 29 33 4
122 8 82 3
123 30 25 4
124 23 44 3
125 2 39 5
126 2 101 2
127 12 116 3
128 16 20 1
129 2 47 2
130 7 33 1
131 9 64 3
132 27 1 3
133 7 105 4
134 26 111 3
135 23 5 4
136 12 137 5
137 6 84 1
138 30 107 5
139 13 12 1
140 30 127 1
141 18 74 3
142 5 52 5
143 4 142 1
144 8 35 5
145 20 114 5
146 9 50 5
147 17 105 4
148 14 125 1
149 11 117 1
150 25 24 5
151 27 61 4
152 7 4 1
153 18 97 3
154 25 138 3
155 15 136 3
156 9 16 2
157 10 1 2
158 27 112 1
159 29 51 4
160 22 124 5
161 17 32 5
162 24 122 4
163 2 123 5
164 7 25 3
165 8 133 1
166 4 45 3
167 6 29 5
168 9 158 2
169 12 28 3
170 9 142 4
171 2 137 5
172 12 74 5
173 4 68 3
174 8 155 1
175 26 10 2
176 29 144 2
177 14 159 5
178 14 6 2
179 4 100 4
180 19 126 4
181 23 86 3
182 1 179 1
183 2 148 1
184 3 119 3
185 21 130 4
186 19 102 2
187 29 72 1
188 28 60 2
189 4 85 3
190 22 97 2
191 9 158 4
192 15 66 1
193 26 188 5
194 10 123 3
195 10 5 3
196 21 175 1
197 19 2 3
198 3 22 3
199 21 81 5
200 10 102 4
201 19 93 3
202 30 118 4
203 6 131 5
204 20 185 4
205 19 99 3
206 25 78 5
207 11 49 3
208 15 163 1
209 2 205 5
210 9 165 2
211 28 95 1
212 30 168 1
213 3 109 2
214 23 128 2
215 11 15 4
216 14 149 4
217 9 79 1
218 21 10 3
219 22 147 3
220 3 81 2
221 3 122 4
222 21 11 3
223 2 115 1
224 11 67 5
225 8 8 4
226 2 221 5
227 15 222 4
228 10 189 2
229 26 146 4
230 4 227 4
231 2 220 3
232 12 178 4
233 1 26 4
234 2 216 3
235 30 23 4
236 7 215 3
237 10 191 4
238 2 132 1
239 14 42 4
240 6 233 3
241 30 54 3
242 10 73 2
243 14 36 5
244 28 193 3
245 19 17 2
246 26 210 4
247 9 64 5
248 28 179 5
249 10 195 5
250 5 170 1
251 19 38 1
252 23 132 2
253 5 176 4
254 9 9 4
255 9 166 3
256 13 13 1
257 28 36 5
258 11 219 3
259 25 105 5
260 23 141 1
261 18 18 2
262 24 93 3
263 14 65 1
264 13 27 3
265 3 161 4
266 8 229 3
267 30 97 5
268 13 32 2
269 9 115 1
270 17 119 5
271 17 26 1
272 4 36 3
273 4 203 2
274 1 156 2
275 18 174 4
276 15 51 2
277 3 58 5
278 20 182 4
279 16 261 4
280 13 6 4
281 28 4 3
282 1 29 2
283 5 218 1
284 15 54 1
285 10 254 5
286 28 32 3
287 5 106 1
288 16 186 2
289 9 127 1
290 10 68 3
291 20 239 3
292 25 186 3
293 15 26 2
294 30 242 3
295 23 64 2
296 10 189 1
297 29 108 2
298 26 43 4
299 5 126 4
300 26 81 4
301 17 15 5
302 30 32 4
303 23 297 1
304 14 58 4
305 25 191 2
306 18 34 2
307 12 159 4
308 12 178 3
309 10 162 5
310 15 170 3
311 18 50 4
312 18 229 3
313 13 113 4
314 8 299 1
315 12 71 2
316 8 222 1
317 24 27 3
318 2 163 5
319 23 248 3
320 16 156 3
321 1 44 5
322 15 9 3
323 22 231 1
324 29 118 2
325 27 33 5
326 29 125 4
327 26 24 3
328 25 77 4
329 28 85 3
330 19 170 3
331 3 29 4
332 18 181 3
333 18 326 3
334 20 120 5
335 15 14 2
336 4 3 1
337 15 119 4
338 24 276 2
339 24 21 3
340 15 25 4
341 1 315 5
342 27 42 5
343 4 6 4
344 6 279 4
345 3 190 5
346 13 339 1
347 3 345 4
348 22 64 5
349 29 169 2
350 5 210 2
351 11 240 2
352 5 3 3
353 7 158 3
354 17 275 4
355 2 93 4
356 13 43 5
357 23 83 3
358 29 267 2
359 20 25 5
360 20 32 1
361 18 154 3
362 25 358 1
363 24 239 2
364 30 355 2
365 14 116 2
366 4 200 5
367 4 2 3
368 2 184 4
369 30 30 2
370 3 292 5
371 18 301 2
372 27 303 5
373 5 9 2
374 29 152 1
375 6 269 3
376 12 310 5
377 27 291 1
378 14 217 5
379 2 288 4
380 27 96 3
381 1 149 5
382 28 162 4
383 20 281 4
384 5 261 2
385 6 106 2
386 14 164 5
387 29 220 4
388 3 121 2
389 13 87 2
390 14 358 4
391 17 142 2
392 17 164 1
393 29 152 4
394 11 296 1
395 8 31 4
396 28 4 1
397 12 293 2
398 19 288 2
399 30 356 5
400 30 40 2
401 11 124 1
402 2 357 3
403 2 318 2
404 20 245 1
405 14 118 1
406 3 191 5
407 20 138 5
408 20 354 2
409 17 108 5
410 23 93 5
411 21 306 4
412 1 241 4
413 16 216 5
414 21 47 3
415 29 14 5
416 9 399 4
417 21 176 4
418 14 150 5
419 26 352 2
420 1 131 4
421 6 86 2
422 21 172 3
423 16 105 3
424 4 387 4
425 14 412 2
426 19 427 5
427 23 266 2
428 26 188 4
429 20 9 1
430 30 371 4
431 13 221 4
432 14 17 3
433 6 24 2
434 5 256 2
435 15 69 1
436 2 336 2
437 2 324 2
438 5 109 4
439 23 64 4
440 14 186 1
441 2 48 2
442 9 10 5
443 25 4 1
444 25 211 4
445 6 23 4
446 7 196 3
447 15 98 1
448 3 260 4
449 26 426 4
450 28 299 3
451 28 289 3
452 17 194 3
453 30 36 4
454 9 265 4
455 3 317 1
456 17 340 4
457 25 423 2
458 13 183 2
459 3 306 3
460 9 277 1
461 10 246 5
462 11 253 4
463 12 442 3
464 6 154 5
465 4 256 5
466 4 34 3
467 27 425 5
468 3 174 2
469 22 215 5
470 30 165 3
471 14 135 5
472 27 431 1
473 22 438 4
474 9 172 5
475 21 342 1
476 23 125 4
477 2 40 4
478 25 183 4
479 1 234 1
480 23 422 4
481 30 145 3
482 29 78 1
483 29 367 4
484 7 64 4
485 17 405 3
486 30 98 3
487 17 210 1
488 14 134 4
489 10 339 1
490 27 5 5
491 14 181 4
492 29 461 4
493 4 150 4
494 11 69 1
495 26 45 1
496 22 99 1
497 21 226 1
498 1 493 5
499 30 26 4
500 28 34 5
501 19 146 3
502 27 391 2
503 10 297 1
504 27 339 5
505 1 255 3
506 19 456 1
507 19 364 4
508 17 85 2
509 19 414 5
510 26 7 1
511 18 151 3
512 21 463 4
513 29 134 1
514 10 318 1
515 29 19 5
516 21 290 3
517 28 354 1
518 10 217 1
519 25 51 1
520 9 9 4
521 30 425 1
522 3 178 2
523 17 413 3
524 6 376 1
525 8 492 4
526 6 84 4
527 24 88 1
528 21 238 4
529 4 256 1
530 27 440 4
531 8 455 2
532 10 151 2
533 9 389 5
534 17 116 4
535 15 243 4
536 6 156 4
537 30 346 3
538 24 48 4
539 16 487 1
540 30 447 5
541 16 421 1
542 1 186 1
543 8 414 5
544 3 408 4
545 14 176 4
546 12 254 4
547 22 285 1
548 5 440 1
549 6 132 1
550 21 84 1
551 1 468 4
552 29 176 4
553 26 426 2
554 3 554 4
555 11 232 2
556 19 518 5
557 22 273 3
558 26 112 3
559 10 548 4
560 5 479 5
561 10 156 2
562 27 221 3
563 30 282 3
564 22 359 3
565 15 503 3
566 6 264 5
567 12 180 5
568 3 497 5
569 12 286 4
570 4 106 4
571 3 45 1
572 28 133 1
573 20 147 2
574 20 522 2
575 3 84 4
576 3 469 5
577 20 351 1
578 3 171 4
579 30 369 5
580 19 49 5
581 23 535 3
582 12 56 1
583 30 313 2
584 13 563 3
585 29 560 2
586 24 287 1
587 30 54 3
588 21 183 1
589 22 554 3
590 26 100 3
591 29 48 4
592 28 497 2
593 1 395 1
594 18 575 4
595 8 72 4
596 5 474 2
597 18 441 2
598 27 340 3
599 20 273 4
600 18 378 5
601 10 117 4
602 9 572 4
603 21 100 1
604 7 48 3
605 8 464 2
606 18 487 2
607 11 410 5
608 2 239 3
609 29 129 1
610 24 214 2
611 27 163 2
612 10 38 5
613 5 158 5
614 20 122 3
615 27 365 2
616 25 426 4
617 6 274 4
618 18 204 3
619 16 57 1
620 15 314 4
621 2 41 3
622 22 103 2
623 27 37 4
624 26 527 5
625 10 435 1
626 19 24 2
627 2 5 3
628 25 299 5
629 20 624 3
630 11 235 1
631 6 424 2
632 7 579 2
633 18 560 3
634 4 430 2
635 3 320 3
636 3 534 1
637 8 418 2
638 11 541 2
639 7 358 3
640 5 185 2
641 20 534 4
642 22 458 3
643 9 418 4
644 5 569 2
645 30 262 1
646 9 127 3
647 8 535 4
648 8 121 3
649 17 359 3
650 11 90 3
651 24 506 4
652 14 538 3
653 10 482 4
654 17 578 2
655 8 234 1
656 16 164 3
657 11 370 1
658 22 13 5
659 2 300 3
660 22 600 5
661 4 390 3
662 26 188 5
663 21 546 2
664 27 391 5
665 6 582 5
666 22 352 2
667 19 212 4
668 16 567 1
669 22 286 4
670 9 409 1
671 18 261 4
672 26 50 1
673 2 188 5
674 11 77 1
675 25 284 3
676 17 481 2
677 9 154 4
678 10 626 1
679 27 593 4
680 13 370 4
681 15 614 1
682 6 131 4
683 13 434 4
684 22 556 4
685 28 29 1
686 10 580 2
687 2 114 2
688 1 73 2
689 19 537 5
690 25 263 2
691 7 84 5
692 3 75 4
693 8 537 4
694 9 10 5
695 17 335 1
696 4 488 2
697 21 496 3
698 7 457 2
699 9 496 5
700 9 620 1
701 1 303 5
702 12 675 3
703 11 314 3
704 10 630 5
705 3 674 5
706 22 695 5
707 23 655 4
708 3 485 3
709 11 597 1
710 29 341 1
711 18 228 4
712 16 419 1
713 14 230 2
714 5 94 2
715 6 208 1
716 20 97 4
717 8 70 5
718 18 8 1
719 17 613 2
720 26 411 4
721 10 374 1
722 17 274 3
723 5 709 1
724 30 104 1
725 25 581 2
726 12 24 2
727 14 121 1
728 22 469 1
729 8 538 1
730 4 395 5
731 4 219 2
732 3 306 3
733 22 97 4
734 12 33 1
735 21 214 1
736 14 215 1
737 16 511 1
738 21 114 4
739 17 409 5
740 10 285 1
741 27 611 5
742 3 607 5
743 30 577 4
744 16 81 4
745 11 372 2
746 26 375 3
747 3 667 2
748 19 272 3
749 22 622 5
750 1 701 1
751 25 466 5
752 30 323 4
753 11 561 4
754 14 297 2
755 19 182 2
756 24 706 4
757 22 313 2
758 27 472 1
759 10 76 5
760 23 44 5
761 20 170 1
762 27 588 2
763 27 656 2
764 6 108 3
765 26 299 1
766 7 476 3
767 11 691 3
768 28 270 2
769 8 21 1
770 24 633 2
771 22 410 2
772 29 253 3
773 20 471 3
774 28 419 2
775 30 323 4
776 29 190 2
777 29 604 3
778 11 232 4
779 12 186 1
780 28 440 4
781 30 154 2
782 19 439 4
783 11 388 4
784 22 560 2
785 29 250 3
786 8 17 1
787 9 247 3
788 1 701 2
789 30 567 4
790 21 706 4
791 6 706 3
792 24 628 1
793 9 32 5
794 6 721 3
795 19 699 4
796 26 50 4
797 17 745 4
798 28 164 2
799 8 722 2
800 22 692 2
801 11 88 1
802 14 353 3
803 27 372 1
804 5 153 2
805 14 267 5
806 26 612 5
807 9 634 1
808 14 120 3
809 28 516 4
810 29 674 1
811 8 502 1
812 8 47 4
813 9 658 3
814 3 243 4
815 10 565 5
816 15 423 3
817 3 352 4
818 8 375 5
819 9 139 1
820 27 536 1
821 15 100 1
822 24 38 5
823 13 695 4
824 12 516 4
825 4 126 3
826 10 468 2
827 9 375 2
828 29 491 2
829 1 340 1
830 26 346 5
831 26 578 3
832 11 744 4
833 7 744 3
834 23 487 5
835 2 117 1
836 5 7 3
837 10 575 2
838 26 42 3
839 13 508 5
840 19 628 5
841 7 162 3
842 18 724 3
843 9 206 3
844 8 744 5
845 26 689 4
846 6 330 5
847 30 532 3
848 21 601 5
849 4 153 1
850 22 394 1
851 25 342 2
852 26 810 3
853 14 144 2
854 19 438 1
855 17 590 1
856 4 135 5
857 22 418 1
858 20 850 3
859 29 259 4
860 10 575 3
861 14 716 5
862 29 433 5
863 24 376 4
864 4 397 2
865 12 495 2
866 25 507 5
867 20 630 5
868 19 300 3
869 14 778 5
870 21 372 5
871 12 132 2
872 26 358 3
873 6 148 4
874 23 364 5
875 20 729 1
876 1 661 1
877 20 822 3
878 22 616 5
879 4 821 1
880 13 55 4
881 16 188 3
882 9 695 5
883 7 230 1
884 27 767 2
885 17 427 4
886 11 628 4
887 25 753 5
888 2 436 5
889 8 675 2
890 11 343 3
891 9 848 4
892 25 549 4
893 17 139 2
894 14 347 3
895 7 547 5
896 26 17 2
897 20 198 4
898 14 603 4
899 24 728 1
900 7 473 3
901 9 435 4
902 2 9 3
903 14 92 5
904 23 431 5
905 14 99 1
906 20 436 2
907 11 544 3
908 5 304 2
909 17 906 5
910 6 152 3
911 20 788 4
912 29 752 2
913 19 344 3
914 3 290 1
915 11 152 1
916 27 155 1
917 6 478 1
918 18 324 1
919 17 113 3
920 24 847 2
921 4 62 5
922 28 674 3
923 23 793 1
924 9 234 4
925 16 606 2
926 14 43 1
927 20 911 4
928 13 435 1
929 30 881 2
930 7 166 3
931 8 920 1
932 25 196 3
933 18 639 1
934 27 753 2
935 4 782 4
936 4 347 1
937 2 756 5
938 23 643 5
939 5 566 4
940 12 99 3
941 11 88 1
942 24 699 2
943 18 527 3
944 28 798 1
945 30 925 1
946 15 909 2
947 17 590 1
948 4 264 2
949 1 498 4
950 25 357 3
951 10 716 1
952 17 425 5
953 29 743 5
954 22 656 5
955 20 183 2
956 24 689 3
957 29 143 1
958 30 94 4
959 22 121 5
960 23 323 3
961 8 440 1
962 10 668 2
963 22 923 5
964 25 925 1
965 4 804 1
966 12 515 5
967 11 45 3
968 4 873 1
969 14 822 2
970 15 532 2
971 7 946 2
972 6 842 4
973 19 308 5
974 14 307 1
975 26 355 1
976 30 492 5
977 18 147 4
978 6 474 1
979 18 543 4
980 11 636 2
981 3 155 3
982 2 804 3
983 30 616 1
984 29 242 5
985 21 697 1
986 4 452 3
987 7 189 3
988 22 382 2
989 20 479 5
990 10 465 2
991 7 180 4
992 2 234 3
993 28 827 5
994 30 760 2
995 3 285 3
996 1 726 3
997 10 779 1
998 23 403 4
999 2 110 3
1000 5 840 3
1001 19 120 5
1002 10 347 5
1003 12 453 1
1004 7 252 4
1005 26 122 2
1006 6 329 3
1007 15 109 1
1008 28 234 1
1009 24 701 5
1010 6 459 4
1011 26 150 3
1012 1 421 1
1013 3 345 5
1014 21 142 3
1015 29 832 2
1016 18 525 3
1017 16 254 2
1018 9 422 2
1019 23 495 3
1020 24 343 2
1021 10 453 3
1022 5 481 5
1023 6 432 3
1024 27 999 5
1025 12 968 3
1026 15 242 4
1027 11 920 1
1028 26 309 1
1029 22 473 3
1030 26 284 4
1031 24 580 3
1032 27 190 3
1033 21 162 5
1034 7 119 5
1035 17 128 1
1036 17 989 3
1037 24 18 1
1038 30 308 3
1039 4 119 2
1040 4 824 1
1041 17 142 3
1042 12 249 2
1043 30 375 1
1044 1 943 5
1045 25 755 2
1046 9 1005 1
1047 19 672 2
1048 25 50 3
1049 25 649 3
1050 25 657 5
1051 16 612 2
1052 25 674 5
1053 19 954 4
1054 30 110 1
1055 16 486 2
1056 14 732 5
1057 22 872 4
1058 27 527 2
1059 29 305 1
1060 1 669 1
1061 5 968 5
1062 4 1051 2
1063 23 703 5
1064 8 505 2
1065 12 488 1
1066 1 777 2
1067 5 546 4
1068 14 694 1
1069 13 909 4
1070 12 418 4
1071 24 908 4
1072 21 831 5
1073 1 13 3
1074 8 1012 4
1075 5 1016 4
1076 12 739 4
1077 21 745 3
1078 27 525 5
1079 1 270 2
1080 27 748 5
1081 22 117 5
1082 11 828 2
1083 30 907 5
1084 1 291 3
1085 3 272 3
1086 27 138 2
1087 25 22 4
1088 26 22 3
1089 12 786 4
1090 28 687 5
1091 10 132 3
1092 11 353 1
1093 13 257 2
1094 25 151 5
1095 24 636 4
1096 23 277 2
1097 7 69 1
1098 7 1085 2
1099 18 812 5
1100 10 372 1
1101 4 587 3
1102 23 606 3
1103 1 133 5
1104 16 277 4
1105 19 825 3
1106 17 173 3
1107 17 965 3
1108 12 598 5
1109 24 1102 5
1110 9 848 3
1111 11 891 1
1112 9 694 4
1113 8 47 1
1114 15 688 3
1115 25 777 3
1116 3 14 5
1117 9 488 2
1118 21 940 1
1119 17 245 3
1120 1 221 1
1121 10 415 3
1122 9 459 2
1123 28 309 5
1124 20 914 1
1125 13 302 4
1126 25 236 5
1127 2 534 3
1128 3 469 5
1129 6 900 1
1130 14 43 3
1131 13 108 2
1132 8 977 2
1133 23 107 3
1134 19 163 2
1135 16 137 3
1136 12 967 2
1137 24 643 3
1138 11 714 5
1139 5 725 4
1140 20 917 2
1141 13 527 5
1142 10 572 1
1143 17 697 3
1144 30 1040 3
1145 15 435 1
1146 9 776 3
1147 14 14 2
1148 19 157 4
1149 27 363 1
1150 6 348 5
1151 10 270 1
1152 16 830 3
1153 1 404 5
1154 16 910 4
1155 20 1151 5
1156 18 308 4
1157 29 641 5
1158 24 901 2
1159 29 924 1
1160 28 350 1
1161 8 252 5
1162 23 963 2
1163 27 396 3
1164 19 794 1
1165 19 964 5
1166 24 67 3
1167 22 384 4
1168 1 523 3
1169 25 208 3
1170 10 889 3
1171 16 546 2
1172 17 300 4
1173 10 278 2
1174 17 637 4
1175 1 293 5
1176 30 268 4
1177 16 816 4
1178 25 298 1
1179 7 554 3
1180 28 46 2
1181 4 974 3
1182 16 1013 2
1183 27 433 4
1184 11 348 1
1185 3 85 2
1186 3 922 5
1187 24 621 1
1188 1 421 1
1189 16 903 4
1190 16 985 4
1191 10 491 1
1192 21 1177 5
1193 6 794 2
1194 6 19 3
1195 18 97 1
1196 22 702 2
1197 26 881 1
1198 21 735 5
1199 14 754 1
1200 26 801 1
1201 16 651 2
1202 29 716 4
1203 7 1179 1
1204 22 204 1
1205 18 435 5
1206 1 641 2
1207 14 571 3
1208 17 302 1
1209 20 218 5
1210 23 983 5
1211 7 893 3
1212 24 988 4
1213 5 155 2
1214 10 823 5
1215 28 873 2
1216 16 783 5
1217 7 780 4
1218 7 839 5
1219 23 879 1
1220 9 129 1
1221 30 1106 3
1222 16 712 5
1223 25 428 4
1224 22 225 4
1225 25 432 4
1226 18 229 3
1227 16 1116 1
1228 19 718 1
1229 4 1171 5
1230 30 676 1
1231 23 1113 4
1232 29 78 5
1233 14 563 1
1234 30 76 1
1235 29 14 4
1236 26 518 1
1237 8 587 3
1238 10 208 1
1239 22 696 1
1240 25 308 1
1241 5 222 5
1242 16 821 2
1243 5 724 2
1244 22 463 1
1245 17 1009 4
1246 29 757 2
1247 29 1016 2
1248 29 789 3
1249 30 806 4
1250 29 1043 4
1251 12 583 5
1252 2 56 4
1253 18 1138 2
1254 20 789 3
1255 22 742 3
1256 16 492 2
1257 24 312 3
1258 8 1029 2
1259 17 1159 4
1260 7 338 3
1261 16 425 3
1262 12 1066 1
1263 23 361 5
1264 3 64 3
1265 26 75 2
1266 17 229 4
1267 27 190 1
1268 2 1127 3
1269 16 205 4
1270 11 1127 3
1271 24 363 3
1272 12 1062 3
1273 27 753 5
1274 18 914 4
1275 11 808 5
1276 19 1196 2
1277 5 109 3
1278 6 454 5
1279 26 425 2
1280 6 567 1
1281 25 960 5
1282 18 882 2
1283 3 1270 5
1284 29 535 5
1285 7 352 5
1286 25 722 1
1287 4 100 4
1288 16 263 1
1289 27 202 3
1290 25 724 5
1291 6 176 2
1292 5 1219 4
1293 28 537 5
1294 25 80 2
1295 18 686 4
1296 13 291 1
1297 25 1086 5
1298 14 744 2
1299 12 308 1
1300 15 203 3
1301 24 146 4
1302 7 959 2
1303 14 916 4
1304 15 192 4
1305 6 10 5
1306 19 126 4
1307 5 642 5
1308 20 549 3
1309 14 3 2
1310 26 82 1
1311 5 732 3
1312 15 1126 3
1313 27 905 1
1314 26 227 4
1315 24 626 3
1316 3 280 2
1317 8 702 4
1318 8 750 2
1319 16 673 5
1320 4 221 5
1321 7 40 4
1322 8 628 4
1323 22 535 1
1324 16 56 4
1325 1 1141 4
1326 17 754 2
1327 13 1006 3
1328 16 1227 1
1329 3 489 2
1330 23 14 1
1331 9 50 2
1332 23 537 3
1333 1 598 5
1334 8 220 2
1335 2 613 3
1336 2 576 5
1337 5 655 3
1338 23 793 1
1339 29 1291 5
1340 21 945 4
1341 20 151 4
1342 14 1149 4
1343 11 837 4
1344 13 1091 4
1345 14 55 3
1346 7 701 1
1347 8 859 3
1348 24 321 5
1349 26 721 2
1350 11 351 4
1351 30 893 1
1352 27 1319 2
1353 20 466 2
1354 9 71 3
1355 21 932 1
1356 16 1162 3
1357 3 537 5
1358 17 598 5
1359 27 548 3
1360 13 1083 1
1361 13 1281 3
1362 29 362 5
1363 12 532 1
1364 28 149 2
1365 1 515 2
1366 28 539 4
1367 21 320 4
1368 18 722 1
1369 23 417 1
1370 26 552 1
1371 23 242 1
1372 9 25 1
1373 27 1052 5
1374 4 468 5
1375 19 728 2
1376 23 854 3
1377 7 316 1
1378 9 629 2
1379 3 254 4
1380 15 992 2
1381 26 1335 4
1382 14 246 4
1383 8 669 2
1384 29 1230 2
1385 27 438 2
1386 2 892 1
1387 12 269 2
1388 9 772 2
1389 19 1178 3
1390 22 791 3
1391 22 1266 5
1392 13 698 4
1393 22 510 3
1394 21 1132 5
1395 29 528 1
1396 29 1249 1
1397 19 243 1
1398 12 645 4
1399 19 323 3
1400 1 186 1
1401 30 1268 5
1402 25 433 1
1403 19 851 3
1404 21 919 4
1405 13 1374 1
1406 28 848 5
1407 17 1006 1
1408 4 258 3
1409 2 472 5
1410 19 1265 5
1411 20 901 1
1412 22 367 1
1413 25 1249 4
1414 10 1217 4
1415 19 167 2
1416 9 445 5
1417 13 303 1
1418 12 1208 3
1419 18 1341 4
1420 25 606 5
1421 30 90 4
1422 12 678 3
1423 24 150 5
1424 16 21 3
1425 4 995 3
1426 28 142 5
1427 20 588 4
1428 22 266 5
1429 4 398 3
1430 3 1195 3
1431 17 457 2
1432 28 362 2
1433 22 134 2
1434 14 215 4
1435 16 531 5
1436 15 248 5
1437 1 630 1
1438 10 1272 1
1439 8 1340 3
1440 29 1339 2
1441 17 863 4
1442 1 290 3
1443 29 1266 4
1444 14 558 3
1445 14 1138 4
1446 18 593 1
1447 15 224 1
1448 8 1199 2
1449 21 1165 1
1450 26 311 1
1451 19 76 2
1452 26 421 2
1453 10 1188 1
1454 19 16 4
1455 13 663 5
1456 18 986 2
1457 10 926 5
1458 20 996 4
1459 7 1042 3
1460 26 1166 5
1461 18 524 1
1462 24 498 4
1463 11 1011 1
1464 3 329 2
1465 13 1283 5
1466 18 707 3
1467 19 1284 2
1468 4 380 4
1469 2 1090 4
1470 5 368 5
1471 18 217 1
1472 16 418 4
1473 2 1376 2
1474 21 1174 4
1475 4 1215 5
1476 12 728 5
1477 22 893 5
1478 4 1469 2
1479 5 878 4
1480 26 331 5
1481 30 1201 4
1482 23 681 5
1483 22 1117 3
1484 15 206 5
1485 15 811 4
1486 2 893 2
1487 12 44 2
1488 8 1181 1
1489 20 1212 5
1490 11 977 1
1491 8 226 2
1492 19 980 3
1493 21 1040 4
1494 19 1488 4
1495 4 1214 1
1496 26 1101 3
1497 15 947 5
1498 15 631 2
1499 25 76 1
1500 2 1279 1
1501 30 1157 1
1502 30 12 1
1503 25 715 3
1504 26 301 3
1505 11 1308 4
1506 2 1109 1
1507 24 643 4
1508 18 1167 1
1509 16 865 5
1510 29 524 3
1511 29 1285 3
1512 3 336 2
1513 5 92 5
1514 25 246 1
1515 4 523 5
1516 15 1099 3
1517 18 384 2
1518 6 465 1
1519 13 553 5
1520 28 228 3
1521 17 568 1
1522 11 888 1
1523 18 278 4
1524 26 649 5
1525 16 864 4
1526 8 78 2
1527 24 206 4
1528 22 1198 5
1529 16 41 1
1530 27 1013 4
1531 14 41 3
1532 8 443 1
1533 11 1316 4
1534 4 1529 2
1535 11 1165 1
1536 22 364 3
1537 14 240 5
1538 13 354 1
1539 14 533 3
1540 20 1226 4
1541 17 1146 3
1542 26 1106 2
1543 6 697 2
1544 29 972 3
1545 6 670 3
1546 9 663 2
1547 14 204 2
1548 12 751 2
1549 13 393 1
1550 21 41 4
1551 24 1285 1
1552 23 1284 5
1553 18 751 3
1554 23 637 2
1555 29 309 2
1556 12 57 5
1557 13 564 4
1558 29 1234 1
1559 11 1420 1
1560 5 1128 1
1561 7 513 2
1562 10 1165 2
1563 24 532 4
1564 27 1176 3
1565 14 656 4
1566 27 959 3
1567 17 702 3
1568 7 1384 5
1569 27 618 4
1570 1 25 4
1571 30 810 1
1572 6 803 4
1573 8 600 2
1574 28 546 5
1575 9 582 2
1576 6 14 2
1577 7 1401 5
1578 17 1211 3
1579 21 391 2
1580 27 593 2
1581 18 458 5
1582 27 824 2
1583 12 653 3
1584 10 555 4
1585 23 1065 5
1586 30 684 5
1587 22 1004 2
1588 8 241 3
1589 22 1186 1
1590 13 515 1
1591 28 1254 3
1592 4 1209 4
1593 19 282 3
1594 24 823 2
1595 5 304 2
1596 23 37 4
1597 20 112 5
1598 15 680 3
1599 25 885 2
1600 26 969 3
1601 14 311 1
1602 21 101 3
1603 15 615 1
1604 12 1407 5
1605 22 1415 5
1606 13 1085 5
1607 16 1166 3
1608 7 1140 5
1609 1 256 5
1610 12 972 4
1611 22 292 3
1612 10 244 4
1613 17 1581 4
1614 7 870 4
1615 24 768 5
1616 10 393 5
1617 30 1601 5
1618 9 253 4
1619 4 741 4
1620 29 804 5
1621 13 781 1
1622 14 645 1
1623 25 1066 4
1624 11 777 4
1625 6 1603 2
1626 18 338 1
1627 23 813 4
1628 1 1517 4
1629 30 883 2
1630 25 230 5
1631 7 1424 4
1632 27 1422 5
1633 15 142 3
1634 24 862 4
1635 16 1286 4
1636 2 148 2
1637 16 1067 1
1638 15 1535 2
1639 7 637 3
1640 13 135 5
1641 9 1367 4
1642 24 874 2
1643 1 661 2
1644 14 372 5
1645 12 502 4
1646 6 320 4
1647 19 1343 1
1648 15 536 1
1649 28 650 5
1650 30 1633 4
1651 9 1292 2
1652 6 1081 5
1653 21 401 4
1654 29 1098 2
1655 5 289 3
1656 4 624 4
1657 15 259 2
1658 14 723 2
1659 2 508 1
1660 14 920 2
1661 26 780 5
1662 25 713 1
1663 30 1094 3
1664 29 1061 2
1665 8 508 1
1666 8 853 3
1667 9 1108 1
1668 4 1026 4
1669 4 1487 3
1670 26 1478 2
1671 28 95 3
1672 6 943 3
1673 28 1145 1
1674 20 985 2
1675 25 1336 5
1676 4 437 3
1677 22 945 3
1678 26 1396 5
1679 12 1376 3
1680 3 1557 2
1681 2 1286 5
1682 9 803 5
1683 7 271 2
1684 8 147 1
1685 26 425 2
1686 17 174 4
1687 15 1453 2
1688 14 456 2
1689 12 73 5
1690 26 492 4
1691 17 61 2
1692 28 1433 4
1693 23 754 1
1694 8 307 1
1695 20 667 2
1696 19 1155 1
1697 29 882 5
1698 30 888 2
1699 10 666 3
1700 29 1651 3
1701 22 920 2
1702 25 1323 1
1703 22 377 3
1704 30 808 4
1705 22 55 4
1706 15 55 1
1707 7 422 3
1708 6 435 1
1709 11 829 5
1710 26 768 1
1711 17 573 4
1712 15 896 1
1713 12 596 5
1714 7 447 3
1715 25 360 1
1716 21 596 1
1717 25 1063 5
1718 4 1617 3
1719 13 341 2
1720 28 1087 1
1721 1 1539 2
1722 29 701 2
1723 12 1431 3
1724 11 1473 2
1725 5 281 2
1726 14 1527 1
1727 2 141 5
1728 8 136 4
1729 30 389 2
1730 5 822 5
1731 4 1213 4
1732 13 818 3
1733 4 541 5
1734 21 704 3
1735 15 1108 2
1736 11 1448 4
1737 25 675 2
1738 5 918 5
1739 16 1043 4
1740 7 1681 1
1741 1 723 4
1742 7 1090 4
1743 14 378 3
1744 27 610 1
1745 30 1401 1
1746 10 440 3
1747 3 1390 5
1748 1 1455 3
1749 16 949 3
1750 10 1315 5
1751 4 1386 2
1752 26 342 4
1753 18 1064 3
1754 12 1489 4
1755 6 1344 1
1756 12 96 5
1757 30 23 2
1758 30 1659 1
1759 2 960 5
1760 15 242 3
1761 4 522 1
1762 19 926 4
1763 5 823 5
1764 2 775 1
1765 12 318 1
1766 20 460 3
1767 8 1108 1
1768 7 1662 3
1769 1 1418 4
1770 30 935 5
1771 18 34 2
1772 11 251 3
1773 5 1002 1
1774 27 229 1
1775 4 426 1
1776 12 1016 4
1777 14 335 1
1778 6 1436 5
1779 10 1111 1
1780 8 1047 3
1781 3 183 5
1782 27 858 5
1783 5 1158 2
1784 3 714 4
1785 11 462 4
1786 12 1185 2
1787 2 293 4
1788 4 1199 2
1789 6 298 2
1790 8 446 3
1791 18 789 3
1792 15 517 2
1793 29 335 1
1794 4 1707 3
1795 5 152 5
1796 10 226 2
1797 21 770 4
1798 11 755 3
1799 3 813 4
1800 2 987 3
1801 22 212 1
1802 11 1356 3
1803 22 1664 2
1804 30 197 3
1805 16 470 4
1806 13 1582 2
1807 8 1577 5
1808 10 521 5
1809 7 801 4
1810 4 1726 3
1811 9 315 3
1812 26 271 4
1813 9 1259 5
1814 11 819 4
1815 6 260 2
1816 23 32 2
1817 8 901 5
1818 13 69 5
1819 25 896 1
1820 25 62 1
1821 24 1707 2
1822 4 422 2
1823 6 20 3
1824 19 1276 5
1825 2 1307 1
1826 28 407 5
1827 9 1553 4
1828 11 682 1
1829 15 260 3
1830 3 1393 1
1831 6 1352 5
1832 7 523 2
1833 13 1687 5
1834 19 1820 4
1835 23 880 4
1836 1 1570 2
1837 26 1475 4
1838 6 847 1
1839 4 246 1
1840 8 411 4
1841 9 1231 4
1842 21 874 1
1843 23 612 5
1844 30 1561 1
1845 29 1729 4
1846 19 457 4
1847 14 150 3
1848 18 74 4
1849 13 11 2
1850 19 1688 4
1851 29 1414 1
1852 13 45 5
1853 26 56 4
1854 19 801 1
1855 26 801 1
1856 10 1740 2
1857 26 1247 4
1858 22 26 5
1859 26 1196 4
1860 19 719 2
1861 17 205 2
1862 20 955 5
1863 21 1342 1
1864 1 2 2
1865 16 295 1
1866 8 1205 2
1867 14 1360 2
1868 26 1845 1
1869 9 938 2
1870 16 1231 3
1871 1 1705 4
1872 22 1274 2
1873 25 84 3
1874 8 859 3
1875 19 353 4
1876 11 610 3
1877 22 130 4
1878 25 1678 3
1879 29 1850 5
1880 5 1334 3
1881 29 520 5
1882 21 468 3
1883 20 1037 3
1884 23 1678 5
1885 7 1665 4
1886 30 760 5
1887 19 1882 1
1888 29 883 2
1889 10 1605 4
1890 20 462 2
1891 14 245 3
1892 3 